+0000000000
+0000000001
+0000000250
+0000000000
+0000000250
+0000000005
+0000000007
+0000000000
+0000000000
+0000000000
+0000000000
+0000000224

+9999999999

-6004100003
+1001003003
-1004001004
+5004001000

+8000000005
+8000000006

+0002000004
+1001004004
+1007005007
-1002007003
-6000100003
+1007005007
-5007004009

+0002000004
+1001004004

+1008006008
-1002008003
-6000100003
+1008006008
-5008004016

+0000000003
+6100003005
+1001003003
+4000005021
-9000000000
+1005009009
+1001010010
-5003002021

+0002000003
-1003001003
-2009010010
-8000000009
-8000000010
+6100003010
-1003001003
+5003011032

+9999999999
5
7